hash code size is 5
bucket 3 11111 3 5 6 8 9 4 15 22 25 13 11 20 14 12 27 16 19 10 17 26 28
bucket 3 0 7 2 1 18 21 24 23
bucket 5 0 3 5 2 6 8 9 1 4 13 22 15 25 14 11 12 27 16 10 19 24 17 26 28
bucket 5 11111 7 18 21 20 23
bucket 4 11111 3 5 6 8 9 4 22 15 25 13 11 20 14 12 16 19 10 17 26 28
bucket 4 0 7 2 1 18 21 24 23
bucket 4 1000 27
bucket 1 11111 3 5 6 8 9 4 18 21 25 11 20 12 24 19 10 23 26 28
bucket 1 0 7 22 15 13 14 16 17
bucket 1 10011 2 1
bucket 2 11111 3 2 5 6 8 9 1 4 18 21 25 11 20 12 27 24 10 19 23 26 28
bucket 2 0 7 13 22 15 14 16 17
bucket 1 11 27
sim 3 5 227803.671875
sim 3 2 333.593994
sim 3 5 227803.671875
sim 3 5 227803.671875
sim 3 5 227803.671875
sim 3 6 153027.718750
sim 5 6 153041.156250
sim 3 6 153027.718750
sim 3 6 153027.718750
sim 5 6 153041.156250
sim 5 6 153041.156250
sim 3 8 1963.627197
sim 5 8 1969.011475
sim 6 8 1970.912109
sim 3 8 1963.627197
sim 3 8 1963.627197
sim 5 8 1969.011475
sim 5 8 1969.011475
sim 6 8 1970.912109
sim 6 8 1970.912109
sim 3 2 333.593994
sim 5 2 336.150482
sim 3 6 153027.718750
sim 5 6 153041.156250
sim 2 6 335.130371
sim 3 8 1963.627197
sim 5 8 1969.011475
sim 2 8 334.522552
sim 6 8 1970.912109
sim 3 5 227803.671875
sim 2 5 336.150482
sim 3 6 153027.718750
sim 2 6 335.130371
sim 5 6 153041.156250
sim 3 8 1963.627197
sim 2 8 334.522552
sim 5 8 1969.011475
sim 6 8 1970.912109
sim 3 9 227803.671875
sim 5 9 286381.281250
sim 6 9 153041.156250
sim 8 9 1969.011475
sim 3 9 227803.671875
sim 5 9 286381.281250
sim 2 9 336.150482
sim 6 9 153041.156250
sim 8 9 1969.011475
sim 3 9 227803.671875
sim 2 9 336.150482
sim 5 9 286381.281250
sim 6 9 153041.156250
sim 8 9 1969.011475
sim 3 1 301.148041
sim 2 1 7187.607910
sim 5 1 303.704590
sim 6 1 302.694580
sim 8 1 301.805023
sim 9 1 303.704590
sim 3 1 301.148041
sim 5 1 303.704590
sim 2 1 7187.607910
sim 6 1 302.694580
sim 8 1 301.805023
sim 9 1 303.704590
sim 3 9 227803.671875
sim 5 9 286381.281250
sim 6 9 153041.156250
sim 8 9 1969.011475
sim 3 9 227803.671875
sim 5 9 286381.281250
sim 6 9 153041.156250
sim 8 9 1969.011475
sim 3 4 227803.671875
sim 3 4 227803.671875
sim 3 4 227803.671875
sim 2 4 336.150482
sim 5 4 286381.281250
sim 5 4 286381.281250
sim 5 4 286381.281250
sim 6 4 153041.156250
sim 2 4 336.150482
sim 6 4 153041.156250
sim 8 4 1969.011475
sim 6 4 153041.156250
sim 8 4 1969.011475
sim 9 4 286381.281250
sim 9 4 286381.281250
sim 8 4 1969.011475
sim 1 4 303.704590
sim 9 4 286381.281250
sim 1 4 303.704590
sim 3 4 227803.671875
sim 3 4 227803.671875
sim 5 4 286381.281250
sim 6 4 153041.156250
sim 8 4 1969.011475
sim 9 4 286381.281250
sim 5 4 286381.281250
sim 6 4 153041.156250
sim 8 4 1969.011475
sim 9 4 286381.281250
sim 3 18 311.804108
sim 3 18 311.804108
sim 3 15 1765.438599
sim 5 15 1778.876343
sim 6 15 1780.729614
sim 8 15 1505.889404
sim 9 15 1778.876343
sim 4 15 1778.876343
sim 3 22 74739.101562
sim 5 22 74752.539062
sim 6 22 74754.390625
sim 8 22 1763.620850
sim 9 22 74752.539062
sim 4 22 74752.539062
sim 15 22 1959.094482
sim 3 25 227803.671875
sim 5 25 286381.281250
sim 6 25 153041.156250
sim 8 25 1969.011475
sim 9 25 286381.281250
sim 4 25 286381.281250
sim 15 25 1778.876343
sim 22 25 74752.539062
sim 3 13 1772.059082
sim 5 13 1785.496460
sim 6 13 1787.349609
sim 8 13 1544.234131
sim 9 13 1785.496460
sim 4 13 1785.496460
sim 15 13 3014.298096
sim 22 13 1966.011230
sim 25 13 1785.496460
sim 5 18 310.804108
sim 6 18 306.736755
sim 8 18 234.481979
sim 9 18 310.804108
sim 4 18 310.804108
sim 3 21 412.334290
sim 5 21 411.334290
sim 6 21 406.271576
sim 8 21 304.049377
sim 9 21 411.334290
sim 4 21 411.334290
sim 18 21 30793.283203
sim 3 25 227803.671875
sim 5 25 286381.281250
sim 6 25 153041.156250
sim 8 25 1969.011475
sim 9 25 286381.281250
sim 4 25 286381.281250
sim 18 25 310.804108
sim 21 25 411.334290
sim 3 22 74739.101562
sim 5 22 74752.539062
sim 6 22 74754.390625
sim 8 22 1763.620850
sim 9 22 74752.539062
sim 4 22 74752.539062
sim 3 15 1765.438599
sim 5 15 1778.876343
sim 6 15 1780.729614
sim 8 15 1505.889404
sim 9 15 1778.876343
sim 4 15 1778.876343
sim 22 15 1959.094482
sim 3 25 227803.671875
sim 5 25 286381.281250
sim 6 25 153041.156250
sim 8 25 1969.011475
sim 9 25 286381.281250
sim 4 25 286381.281250
sim 22 25 74752.539062
sim 15 25 1778.876343
sim 3 13 1772.059082
sim 5 13 1785.496460
sim 6 13 1787.349609
sim 8 13 1544.234131
sim 9 13 1785.496460
sim 4 13 1785.496460
sim 22 13 1966.011230
sim 15 13 3014.298096
sim 25 13 1785.496460
sim 3 13 1772.059082
sim 5 13 1785.496460
sim 2 13 224.791031
sim 6 13 1787.349609
sim 8 13 1544.234131
sim 9 13 1785.496460
sim 1 13 189.631012
sim 4 13 1785.496460
sim 3 22 74739.101562
sim 5 22 74752.539062
sim 2 22 214.874756
sim 6 22 74754.390625
sim 8 22 1763.620850
sim 9 22 74752.539062
sim 1 22 179.714737
sim 4 22 74752.539062
sim 13 22 1966.011230
sim 3 15 1765.438599
sim 5 15 1778.876343
sim 2 15 224.760941
sim 6 15 1780.729614
sim 8 15 1505.889404
sim 9 15 1778.876343
sim 1 15 189.600922
sim 4 15 1778.876343
sim 13 15 3014.298096
sim 22 15 1959.094482
sim 3 25 227803.671875
sim 5 25 286381.281250
sim 2 25 336.150482
sim 6 25 153041.156250
sim 8 25 1969.011475
sim 9 25 286381.281250
sim 2 18 7051.904785
sim 5 18 310.804108
sim 6 18 306.736755
sim 8 18 234.481979
sim 9 18 310.804108
sim 1 18 7315.003906
sim 4 18 310.804108
sim 3 21 412.334290
sim 2 21 7062.471191
sim 5 21 411.334290
sim 6 21 406.271576
sim 8 21 304.049377
sim 9 21 411.334290
sim 1 21 7309.410156
sim 4 21 411.334290
sim 18 21 30793.283203
sim 3 25 227803.671875
sim 2 25 336.150482
sim 5 25 286381.281250
sim 6 25 153041.156250
sim 8 25 1969.011475
sim 9 25 286381.281250
sim 1 25 303.704590
sim 4 25 286381.281250
sim 18 25 310.804108
sim 21 25 411.334290
sim 1 25 303.704590
sim 4 25 286381.281250
sim 13 25 1785.496460
sim 22 25 74752.539062
sim 15 25 1778.876343
sim 3 11 227803.671875
sim 3 14 1719.559814
sim 5 14 1732.997681
sim 2 14 189.903748
sim 6 14 1734.850830
sim 8 14 1282.580688
sim 9 14 1732.997681
sim 1 14 154.733704
sim 4 14 1732.997681
sim 13 14 1641.973022
sim 22 14 1930.840820
sim 15 14 1672.710205
sim 25 14 1732.997681
sim 3 11 227803.671875
sim 5 11 286381.281250
sim 2 11 336.150482
sim 6 11 153041.156250
sim 8 11 1969.011475
sim 9 11 286381.281250
sim 1 11 303.704590
sim 4 11 286381.281250
sim 13 11 1785.496460
sim 22 11 74752.539062
sim 15 11 1778.876343
sim 25 11 286381.281250
sim 14 11 1732.997681
sim 5 11 286381.281250
sim 6 11 153041.156250
sim 8 11 1969.011475
sim 9 11 286381.281250
sim 4 11 286381.281250
sim 22 11 74752.539062
sim 15 11 1778.876343
sim 25 11 286381.281250
sim 13 11 1785.496460
sim 3 20 4032.677979
sim 5 20 4031.677979
sim 6 20 4027.049072
sim 8 20 1498.793457
sim 9 20 4031.677979
sim 4 20 4031.677979
sim 22 20 3790.271973
sim 15 20 1293.243652
sim 25 20 4031.677979
sim 13 20 1300.926880
sim 11 20 4031.677979
sim 3 14 1719.559814
sim 5 14 1732.997681
sim 3 11 227803.671875
sim 3 11 227803.671875
sim 6 14 1734.850830
sim 8 14 1282.580688
sim 5 11 286381.281250
sim 6 11 153041.156250
sim 8 11 1969.011475
sim 9 11 286381.281250
sim 4 11 286381.281250
sim 18 11 310.804108
sim 21 11 411.334290
sim 25 11 286381.281250
sim 3 20 4032.677979
sim 5 20 4031.677979
sim 6 20 4027.049072
sim 8 20 1498.793457
sim 9 20 4031.677979
sim 4 20 4031.677979
sim 18 20 666.326965
sim 21 20 778.743896
sim 25 20 4031.677979
sim 11 20 4031.677979
sim 9 14 1732.997681
sim 4 14 1732.997681
sim 22 14 1930.840820
sim 15 14 1672.710205
sim 25 14 1732.997681
sim 13 14 1641.973022
sim 11 14 1732.997681
sim 20 14 1248.030029
sim 5 11 286381.281250
sim 6 11 153041.156250
sim 8 11 1969.011475
sim 9 11 286381.281250
sim 4 11 286381.281250
sim 15 11 1778.876343
sim 22 11 74752.539062
sim 25 11 286381.281250
sim 13 11 1785.496460
sim 3 20 4032.677979
sim 5 20 4031.677979
sim 6 20 4027.049072
sim 8 20 1498.793457
sim 9 20 4031.677979
sim 4 20 4031.677979
sim 15 20 1293.243652
sim 22 20 3790.271973
sim 25 20 4031.677979
sim 13 20 1300.926880
sim 11 20 4031.677979
sim 3 14 1719.559814
sim 5 14 1732.997681
sim 6 14 1734.850830
sim 8 14 1282.580688
sim 9 14 1732.997681
sim 4 14 1732.997681
sim 15 14 1672.710205
sim 22 14 1930.840820
sim 25 14 1732.997681
sim 13 14 1641.973022
sim 11 14 1732.997681
sim 20 14 1248.030029
sim 3 12 227803.671875
sim 5 12 286381.281250
sim 6 12 153041.156250
sim 8 12 1969.011475
sim 9 12 286381.281250
sim 4 12 286381.281250
sim 18 12 310.804108
sim 21 12 411.334290
sim 25 12 286381.281250
sim 11 12 286381.281250
sim 20 12 4031.677979
sim 3 12 227803.671875
sim 5 12 286381.281250
sim 6 12 153041.156250
sim 8 12 1969.011475
sim 9 12 286381.281250
sim 4 12 286381.281250
sim 22 12 74752.539062
sim 15 12 1778.876343
sim 25 12 286381.281250
sim 13 12 1785.496460
sim 11 12 286381.281250
sim 20 12 4031.677979
sim 14 12 1732.997681
sim 3 12 227803.671875
sim 5 12 286381.281250
sim 2 12 336.150482
sim 6 12 153041.156250
sim 8 12 1969.011475
sim 9 12 286381.281250
sim 1 12 303.704590
sim 4 12 286381.281250
sim 13 12 1785.496460
sim 22 12 74752.539062
sim 15 12 1778.876343
sim 25 12 286381.281250
sim 14 12 1732.997681
sim 11 12 286381.281250
sim 3 11 227803.671875
sim 2 11 336.150482
sim 5 11 286381.281250
sim 6 11 153041.156250
sim 8 11 1969.011475
sim 9 11 286381.281250
sim 1 11 303.704590
sim 4 11 286381.281250
sim 18 11 310.804108
sim 21 11 411.334290
sim 25 11 286381.281250
sim 3 20 4032.677979
sim 2 20 348.498901
sim 5 20 4031.677979
sim 6 20 4027.049072
sim 8 20 1498.793457
sim 9 20 4031.677979
sim 1 20 317.662415
sim 4 20 4031.677979
sim 18 20 666.326965
sim 21 20 778.743896
sim 25 20 4031.677979
sim 11 20 4031.677979
sim 3 12 227803.671875
sim 2 12 336.150482
sim 5 12 286381.281250
sim 6 12 153041.156250
sim 8 12 1969.011475
sim 9 12 286381.281250
sim 1 12 303.704590
sim 4 12 286381.281250
sim 18 12 310.804108
sim 21 12 411.334290
sim 25 12 286381.281250
sim 11 12 286381.281250
sim 20 12 4031.677979
sim 3 12 227803.671875
sim 5 12 286381.281250
sim 6 12 153041.156250
sim 8 12 1969.011475
sim 9 12 286381.281250
sim 4 12 286381.281250
sim 15 12 1778.876343
sim 22 12 74752.539062
sim 25 12 286381.281250
sim 13 12 1785.496460
sim 11 12 286381.281250
sim 20 12 4031.677979
sim 14 12 1732.997681
sim 3 27 687.168274
sim 5 27 700.605713
sim 6 27 702.458923
sim 8 27 671.804321
sim 9 27 700.605713
sim 4 27 700.605713
sim 15 27 631.483521
sim 22 27 632.080444
sim 25 27 700.605713
sim 13 27 634.402588
sim 11 27 700.605713
sim 20 27 615.865540
sim 14 27 599.931763
sim 12 27 700.605713
sim 3 27 687.168274
sim 2 27 471.530334
sim 5 27 700.605713
sim 6 27 702.458923
sim 8 27 671.804321
sim 9 27 700.605713
sim 1 27 480.445404
sim 4 27 700.605713
sim 18 27 405.418060
sim 21 27 440.712830
sim 25 27 700.605713
sim 11 27 700.605713
sim 20 27 615.865540
sim 12 27 700.605713
sim 3 27 687.168274
sim 5 27 700.605713
sim 2 27 471.530334
sim 6 27 702.458923
sim 8 27 671.804321
sim 9 27 700.605713
sim 1 27 480.445404
sim 4 27 700.605713
sim 13 27 634.402588
sim 22 27 632.080444
sim 15 27 631.483521
sim 25 27 700.605713
sim 14 27 599.931763
sim 11 27 700.605713
sim 12 27 700.605713
sim 3 16 1808.459351
sim 5 16 1821.896729
sim 6 16 1823.749878
sim 8 16 1347.617432
sim 9 16 1821.896729
sim 4 16 1821.896729
sim 15 16 1673.176147
sim 22 16 1937.292603
sim 3 16 1808.459351
sim 25 16 1821.896729
sim 5 16 1821.896729
sim 13 16 1641.074707
sim 2 16 233.837921
sim 11 16 1821.896729
sim 6 16 1823.749878
sim 20 16 1296.781006
sim 8 16 1347.617432
sim 14 16 1869.177368
sim 9 16 1821.896729
sim 12 16 1821.896729
sim 1 16 200.687897
sim 27 16 645.646973
sim 4 16 1821.896729
sim 13 16 1641.074707
sim 22 16 1937.292603
sim 15 16 1673.176147
sim 25 16 1821.896729
sim 14 16 1869.177368
sim 11 16 1821.896729
sim 12 16 1821.896729
sim 27 16 645.646973
sim 3 16 1808.459351
sim 5 16 1821.896729
sim 6 16 1823.749878
sim 8 16 1347.617432
sim 9 16 1821.896729
sim 4 16 1821.896729
sim 22 16 1937.292603
sim 15 16 1673.176147
sim 25 16 1821.896729
sim 13 16 1641.074707
sim 11 16 1821.896729
sim 20 16 1296.781006
sim 14 16 1869.177368
sim 12 16 1821.896729
sim 3 19 17544.146484
sim 5 19 17557.583984
sim 6 19 17559.437500
sim 8 19 1629.441772
sim 9 19 17557.583984
sim 4 19 17557.583984
sim 22 19 9226.266602
sim 15 19 1477.992798
sim 25 19 17557.583984
sim 13 19 1475.280640
sim 11 19 17557.583984
sim 20 19 3666.974609
sim 14 19 1450.434326
sim 12 19 17557.583984
sim 16 19 1545.382568
sim 3 24 1451.923218
sim 3 19 17544.146484
sim 5 19 17557.583984
sim 6 19 17559.437500
sim 8 19 1629.441772
sim 9 19 17557.583984
sim 4 19 17557.583984
sim 15 19 1477.992798
sim 22 19 9226.266602
sim 25 19 17557.583984
sim 13 19 1475.280640
sim 11 19 17557.583984
sim 20 19 3666.974609
sim 5 24 1453.425171
sim 14 19 1450.434326
sim 12 19 17557.583984
sim 6 24 1411.825317
sim 27 19 710.130432
sim 8 24 660.932434
sim 16 19 1545.382568
sim 9 24 1453.425171
sim 4 24 1453.425171
sim 18 24 1543.174316
sim 21 24 1643.704468
sim 25 24 1453.425171
sim 11 24 1453.425171
sim 20 24 613.840759
sim 12 24 1453.425171
sim 3 19 17544.146484
sim 5 19 17557.583984
sim 6 19 17559.437500
sim 8 19 1629.441772
sim 9 19 17557.583984
sim 4 19 17557.583984
sim 18 19 291.006073
sim 21 19 385.710083
sim 25 19 17557.583984
sim 11 19 17557.583984
sim 20 19 3666.974609
sim 12 19 17557.583984
sim 24 19 1345.983765
sim 3 10 227803.671875
sim 3 10 227803.671875
sim 3 10 227803.671875
sim 5 10 286381.281250
sim 5 10 286381.281250
sim 5 10 286381.281250
sim 6 10 153041.156250
sim 6 10 153041.156250
sim 8 10 1969.011475
sim 9 10 286381.281250
sim 6 10 153041.156250
sim 8 10 1969.011475
sim 4 10 286381.281250
sim 8 10 1969.011475
sim 15 10 1778.876343
sim 9 10 286381.281250
sim 22 10 74752.539062
sim 9 10 286381.281250
sim 25 10 286381.281250
sim 4 10 286381.281250
sim 4 10 286381.281250
sim 22 10 74752.539062
sim 13 10 1785.496460
sim 11 10 286381.281250
sim 18 10 310.804108
sim 15 10 1778.876343
sim 20 10 4031.677979
sim 21 10 411.334290
sim 25 10 286381.281250
sim 14 10 1732.997681
sim 13 10 1785.496460
sim 12 10 286381.281250
sim 11 10 286381.281250
sim 27 10 700.605713
sim 20 10 4031.677979
sim 16 10 1821.896729
sim 14 10 1732.997681
sim 19 10 17557.583984
sim 12 10 286381.281250
sim 16 10 1821.896729
sim 19 10 17557.583984
sim 3 10 227803.671875
sim 5 10 286381.281250
sim 2 10 336.150482
sim 6 10 153041.156250
sim 8 10 1969.011475
sim 9 10 286381.281250
sim 1 10 303.704590
sim 4 10 286381.281250
sim 13 10 1785.496460
sim 22 10 74752.539062
sim 15 10 1778.876343
sim 25 10 286381.281250
sim 14 10 1732.997681
sim 11 10 286381.281250
sim 12 10 286381.281250
sim 27 10 700.605713
sim 16 10 1821.896729
sim 3 19 17544.146484
sim 5 19 17557.583984
sim 2 19 340.864685
sim 6 19 17559.437500
sim 8 19 1629.441772
sim 9 19 17557.583984
sim 1 19 307.477509
sim 4 19 17557.583984
sim 13 19 1475.280640
sim 22 19 9226.266602
sim 15 19 1477.992798
sim 25 19 17557.583984
sim 14 19 1450.434326
sim 11 19 17557.583984
sim 12 19 17557.583984
sim 27 19 710.130432
sim 16 19 1545.382568
sim 10 19 17557.583984
sim 3 24 1451.923218
sim 5 24 1453.425171
sim 2 24 1460.693237
sim 6 24 1411.825317
sim 8 24 660.932434
sim 9 24 1453.425171
sim 1 24 1459.722900
sim 4 24 1453.425171
sim 13 24 512.168640
sim 22 24 675.658875
sim 15 24 523.081848
sim 25 24 1453.425171
sim 14 24 506.891998
sim 11 24 1453.425171
sim 12 24 1453.425171
sim 27 24 552.968079
sim 16 24 603.565125
sim 10 24 1453.425171
sim 19 24 1345.983765
sim 3 24 1451.923218
sim 2 24 1460.693237
sim 5 24 1453.425171
sim 6 24 1411.825317
sim 8 24 660.932434
sim 9 24 1453.425171
sim 1 24 1459.722900
sim 4 24 1453.425171
sim 18 24 1543.174316
sim 21 24 1643.704468
sim 25 24 1453.425171
sim 11 24 1453.425171
sim 20 24 613.840759
sim 12 24 1453.425171
sim 27 24 552.968079
sim 3 10 227803.671875
sim 2 10 336.150482
sim 5 10 286381.281250
sim 6 10 153041.156250
sim 8 10 1969.011475
sim 9 10 286381.281250
sim 1 10 303.704590
sim 4 10 286381.281250
sim 18 10 310.804108
sim 21 10 411.334290
sim 25 10 286381.281250
sim 11 10 286381.281250
sim 20 10 4031.677979
sim 12 10 286381.281250
sim 27 10 700.605713
sim 24 10 1453.425171
sim 3 19 17544.146484
sim 2 19 340.864685
sim 5 19 17557.583984
sim 6 19 17559.437500
sim 8 19 1629.441772
sim 9 19 17557.583984
sim 1 19 307.477509
sim 4 19 17557.583984
sim 18 19 291.006073
sim 21 19 385.710083
sim 25 19 17557.583984
sim 11 19 17557.583984
sim 20 19 3666.974609
sim 12 19 17557.583984
sim 27 19 710.130432
sim 24 19 1345.983765
sim 10 19 17557.583984
sim 25 10 286381.281250
sim 11 10 286381.281250
sim 20 10 4031.677979
sim 12 10 286381.281250
sim 24 10 1453.425171
sim 19 10 17557.583984
sim 3 23 604.054260
sim 3 23 604.054260
sim 2 23 6997.829102
sim 5 23 603.054260
sim 6 23 596.093323
sim 8 23 436.720520
sim 9 23 603.054260
sim 1 23 7229.540039
sim 4 23 603.054260
sim 18 23 22549.158203
sim 21 23 22735.462891
sim 25 23 603.054260
sim 11 23 603.054260
sim 20 23 819.344727
sim 12 23 603.054260
sim 27 23 470.236176
sim 24 23 1835.424683
sim 10 23 603.054260
sim 19 23 566.318848
sim 3 17 7556.109863
sim 3 17 7556.109863
sim 3 17 7556.109863
sim 5 17 7569.546875
sim 5 17 7569.546875
sim 5 17 7569.546875
sim 6 17 7571.400391
sim 2 17 180.638092
sim 6 17 7571.400391
sim 6 17 7571.400391
sim 8 17 1112.061523
sim 8 17 1112.061523
sim 8 17 1112.061523
sim 9 17 7569.546875
sim 9 17 7569.546875
sim 9 17 7569.546875
sim 4 17 7569.546875
sim 4 17 7569.546875
sim 1 17 210.339310
sim 22 17 7767.390137
sim 15 17 1275.285034
sim 15 17 1275.285034
sim 4 17 7569.546875
sim 22 17 7767.390137
sim 25 17 7569.546875
sim 13 17 1289.738403
sim 25 17 7569.546875
sim 22 17 7767.390137
sim 13 17 1289.738403
sim 13 17 1289.738403
sim 15 17 1275.285034
sim 11 17 7569.546875
sim 11 17 7569.546875
sim 25 17 7569.546875
sim 20 17 1380.668701
sim 20 17 1380.668701
sim 14 17 1361.816284
sim 14 17 1361.816284
sim 14 17 1361.816284
sim 11 17 7569.546875
sim 12 17 7569.546875
sim 12 17 7569.546875
sim 16 17 1226.257568
sim 19 17 1318.247559
sim 12 17 7569.546875
sim 27 17 414.637848
sim 10 17 7569.546875
sim 27 17 414.637848
sim 16 17 1226.257568
sim 16 17 1226.257568
sim 19 17 1318.247559
sim 10 17 7569.546875
sim 10 17 7569.546875
sim 19 17 1318.247559
sim 24 17 95.411888
sim 5 23 603.054260
sim 6 23 596.093323
sim 8 23 436.720520
sim 9 23 603.054260
sim 4 23 603.054260
sim 18 23 22549.158203
sim 21 23 22735.462891
sim 25 23 603.054260
sim 11 23 603.054260
sim 20 23 819.344727
sim 12 23 603.054260
sim 24 23 1835.424683
sim 19 23 566.318848
sim 10 23 603.054260
sim 3 26 164055.671875
sim 3 26 164055.671875
sim 3 26 164055.671875
sim 3 26 164055.671875
sim 5 26 164064.515625
sim 5 26 164064.515625
sim 2 26 338.150513
sim 6 26 153029.921875
sim 6 26 153029.921875
sim 8 26 1966.455200
sim 8 26 1966.455200
sim 9 26 164064.515625
sim 1 26 305.704620
sim 9 26 164064.515625
sim 4 26 164064.515625
sim 4 26 164064.515625
sim 13 26 1774.263184
sim 22 26 74741.304688
sim 22 26 74741.304688
sim 15 26 1767.642578
sim 15 26 1767.642578
sim 25 26 164064.515625
sim 25 26 164064.515625
sim 13 26 1774.263184
sim 11 26 164064.515625
sim 14 26 1721.764038
sim 20 26 4033.677979
sim 11 26 164064.515625
sim 14 26 1721.764038
sim 12 26 164064.515625
sim 12 26 164064.515625
sim 27 26 689.372314
sim 16 26 1810.663330
sim 16 26 1810.663330
sim 10 26 164064.515625
sim 19 26 17546.351562
sim 10 26 164064.515625
sim 19 26 17546.351562
sim 17 26 7558.313965
sim 24 26 1455.425171
sim 17 26 7558.313965
sim 5 26 164064.515625
sim 6 26 153029.921875
sim 8 26 1966.455200
sim 9 26 164064.515625
sim 4 26 164064.515625
sim 18 26 312.804108
sim 21 26 413.334290
sim 25 26 164064.515625
sim 11 26 164064.515625
sim 20 26 4033.677979
sim 12 26 164064.515625
sim 24 26 1455.425171
sim 19 26 17546.351562
sim 10 26 164064.515625
sim 23 26 605.054260
sim 5 26 164064.515625
sim 6 26 153029.921875
sim 8 26 1966.455200
sim 9 26 164064.515625
sim 4 26 164064.515625
sim 15 26 1767.642578
sim 22 26 74741.304688
sim 25 26 164064.515625
sim 13 26 1774.263184
sim 11 26 164064.515625
sim 20 26 4033.677979
sim 14 26 1721.764038
sim 12 26 164064.515625
sim 27 26 689.372314
sim 16 26 1810.663330
sim 19 26 17546.351562
sim 10 26 164064.515625
sim 17 26 7558.313965
sim 3 28 144157.406250
sim 3 26 164055.671875
sim 2 26 338.150513
sim 5 26 164064.515625
sim 6 26 153029.921875
sim 8 26 1966.455200
sim 9 26 164064.515625
sim 1 26 305.704620
sim 4 26 164064.515625
sim 18 26 312.804108
sim 21 26 413.334290
sim 25 26 164064.515625
sim 11 26 164064.515625
sim 20 26 4033.677979
sim 12 26 164064.515625
sim 27 26 689.372314
sim 24 26 1455.425171
sim 10 26 164064.515625
sim 19 26 17546.351562
sim 23 26 605.054260
sim 3 28 144157.406250
sim 2 28 334.930298
sim 5 28 144170.843750
sim 6 28 144172.703125
sim 8 28 1966.343750
sim 9 28 144170.843750
sim 1 28 302.222778
sim 4 28 144170.843750
sim 18 28 283.164429
sim 21 28 376.930756
sim 25 28 144170.843750
sim 11 28 144170.843750
sim 20 28 4000.221436
sim 3 28 144157.406250
sim 12 28 144170.843750
sim 5 28 144170.843750
sim 6 28 144172.703125
sim 8 28 1966.343750
sim 9 28 144170.843750
sim 4 28 144170.843750
sim 15 28 1792.244629
sim 22 28 74765.906250
sim 25 28 144170.843750
sim 13 28 1798.864868
sim 11 28 144170.843750
sim 20 28 4000.221436
sim 14 28 1746.365845
sim 12 28 144170.843750
sim 27 28 707.120422
sim 16 28 1835.264771
sim 19 28 17399.230469
sim 10 28 144170.843750
sim 17 28 7582.915039
sim 26 28 144159.609375
sim 5 28 144170.843750
sim 2 28 334.930298
sim 6 28 144172.703125
sim 8 28 1966.343750
sim 9 28 144170.843750
sim 1 28 302.222778
sim 4 28 144170.843750
sim 13 28 1798.864868
sim 22 28 74765.906250
sim 15 28 1792.244629
sim 25 28 144170.843750
sim 14 28 1746.365845
sim 11 28 144170.843750
sim 12 28 144170.843750
sim 27 28 707.120422
sim 16 28 1835.264771
sim 10 28 144170.843750
sim 19 28 17399.230469
sim 24 28 1328.415649
sim 17 28 7582.915039
sim 26 28 144159.609375
sim 3 28 144157.406250
sim 3 28 144157.406250
sim 5 28 144170.843750
sim 6 28 144172.703125
sim 8 28 1966.343750
sim 9 28 144170.843750
sim 4 28 144170.843750
sim 22 28 74765.906250
sim 15 28 1792.244629
sim 25 28 144170.843750
sim 13 28 1798.864868
sim 11 28 144170.843750
sim 20 28 4000.221436
sim 14 28 1746.365845
sim 12 28 144170.843750
sim 16 28 1835.264771
sim 19 28 17399.230469
sim 10 28 144170.843750
sim 17 28 7582.915039
sim 26 28 144159.609375
sim 5 28 144170.843750
sim 6 28 144172.703125
sim 8 28 1966.343750
sim 9 28 144170.843750
sim 4 28 144170.843750
sim 18 28 283.164429
sim 21 28 376.930756
sim 25 28 144170.843750
sim 11 28 144170.843750
sim 20 28 4000.221436
sim 12 28 144170.843750
sim 24 28 1328.415649
sim 19 28 17399.230469
sim 10 28 144170.843750
sim 23 28 555.751343
sim 26 28 144159.609375
sim 27 28 707.120422
sim 24 28 1328.415649
sim 10 28 144170.843750
sim 19 28 17399.230469
sim 23 28 555.751343
sim 26 28 144159.609375
