hash code size is 5
sim 1 2 0.000000
sim 1 2 0.000000
sim 1 2 0.000000
sim 1 2 0.000000
sim 3 6 0.000000
sim 3 6 0.000000
sim 3 6 0.000000
sim 3 6 0.000000
sim 1 7 7.257548
sim 2 7 7.493531
sim 3 9 0.000000
sim 1 7 7.257548
sim 2 7 7.493531
sim 3 9 0.000000
sim 1 7 7.257548
sim 2 7 7.493531
sim 5 9 0.000000
sim 3 9 0.000000
sim 3 8 1.581139
sim 5 8 3.446882
sim 3 8 1.581139
sim 5 8 3.446882
sim 5 8 3.446882
sim 3 8 1.581139
sim 3 9 0.000000
sim 4 9 0.000000
sim 3 10 0.000000
sim 5 10 0.000000
bucket 4 11111 1 2 7 18 21 23
bucket 4 33333 3 5 4 6 9 8 10 11 12 17 20 22 26 25 28
bucket 4 13333 13
bucket 4 33033 14 16
bucket 4 3333 15
bucket 4 22222 19 24 27
bucket 2 11111 1 2 7 18 21 23
bucket 2 33333 3 4 5 6 8 9 10 11 13 12 14 15 17 16 20 22 26 25 28
bucket 2 22222 19 24
bucket 2 32222 27
sim 4 10 0.000000
sim 3 10 0.000000
bucket 3 11111 1 2 7 18 21 23
bucket 3 33333 3 5 4 6 9 8 10 11 13 12 15 17 20 22 26 25 28
bucket 3 32333 14
bucket 3 31333 16
bucket 3 22222 19 24 27
sim 3 10 0.000000
bucket 1 22222 1 2 23 27
bucket 1 33333 3 5 4 6 9 10 11 13 12 14 15 16 19 20 22 24 25 28
bucket 1 11111 7 17 18
bucket 1 33332 8
bucket 1 22211 21
bucket 1 44444 26
sim 3 10 0.000000
bucket 5 22232 1
bucket 5 22242 2
bucket 5 110 3
bucket 5 0 5 4 6 9 8 10 11 13 12 14 15 17 16 22 27 26 25 28
bucket 5 44444 7 18 21
bucket 5 1 19
bucket 5 33333 20
bucket 5 44443 23
bucket 5 120 24
sim 5 10 0.000000
sim 5 10 0.000000
sim 4 10 0.000000
sim 5 10 0.000000
sim 4 10 0.000000
sim 4 10 0.000000
sim 4 10 0.000000
sim 5 10 0.000000
sim 3 11 0.000000
sim 4 11 0.000000
sim 5 11 0.000000
sim 3 11 0.000000
sim 6 11 0.000000
sim 5 11 0.000000
sim 4 11 0.000000
sim 6 11 0.000000
sim 3 11 0.000000
sim 5 11 0.000000
sim 4 11 0.000000
sim 6 11 0.000000
sim 3 11 0.000000
sim 5 11 0.000000
sim 4 11 0.000000
sim 6 11 0.000000
sim 5 11 0.000000
sim 4 11 0.000000
sim 6 11 0.000000
sim 3 13 7.417816
sim 5 13 7.417816
sim 4 13 7.417816
sim 6 13 5.976955
sim 9 13 7.417816
sim 3 13 7.417816
sim 5 13 7.417816
sim 4 13 7.417816
sim 6 13 5.976955
sim 5 13 7.417816
sim 9 13 7.417816
sim 4 13 7.417816
sim 6 13 5.976955
sim 9 13 7.417816
sim 3 13 7.417816
sim 4 13 7.417816
sim 5 13 7.417816
sim 6 13 5.976955
sim 8 13 8.025272
sim 3 12 0.000000
sim 3 12 0.000000
sim 3 12 0.000000
sim 5 12 0.000000
sim 4 12 0.000000
sim 6 12 0.000000
sim 9 12 0.000000
sim 5 12 0.000000
sim 4 12 0.000000
sim 6 12 0.000000
sim 9 12 0.000000
sim 8 12 3.446882
sim 5 14 7.417816
sim 4 14 7.417816
sim 6 14 5.976955
sim 9 14 7.417816
sim 8 14 8.025272
sim 10 14 7.417816
sim 5 12 0.000000
sim 4 12 0.000000
sim 6 12 0.000000
sim 9 12 0.000000
sim 10 12 0.000000
sim 3 14 7.417816
sim 5 14 7.417816
sim 4 14 7.417816
sim 6 14 5.976955
sim 9 14 7.417816
sim 10 14 7.417816
sim 11 14 7.417816
sim 5 12 0.000000
sim 4 12 0.000000
sim 6 12 0.000000
sim 9 12 0.000000
sim 8 12 3.446882
sim 3 12 0.000000
sim 4 12 0.000000
sim 5 12 0.000000
sim 6 12 0.000000
sim 8 12 3.446882
sim 9 12 0.000000
sim 3 14 7.417816
sim 4 14 7.417816
sim 5 14 7.417816
sim 6 14 5.976955
sim 8 14 8.025272
sim 9 14 7.417816
sim 10 14 7.417816
sim 3 15 7.116389
sim 5 15 7.116389
sim 4 15 7.116389
sim 6 15 5.598482
sim 9 15 7.116389
sim 10 15 7.116389
sim 11 15 7.116389
sim 13 15 3.792229
sim 3 15 7.116389
sim 3 15 7.116389
sim 3 17 8.514693
sim 5 17 8.514693
sim 4 17 8.514693
sim 6 17 8.062258
sim 9 17 8.514693
sim 8 17 8.768181
sim 5 15 7.116389
sim 4 15 7.116389
sim 6 15 5.598482
sim 9 15 7.116389
sim 8 15 7.584457
sim 10 15 7.116389
sim 11 15 7.116389
sim 5 17 8.514693
sim 4 17 8.514693
sim 6 17 8.062258
sim 9 17 8.514693
sim 8 17 8.768181
sim 10 17 8.514693
sim 11 17 8.514693
sim 13 17 6.962830
sim 5 15 7.116389
sim 4 15 7.116389
sim 6 15 5.598482
sim 9 15 7.116389
sim 8 15 7.584457
sim 4 15 7.116389
sim 10 15 7.116389
sim 5 15 7.116389
sim 6 15 5.598482
sim 8 15 7.584457
sim 9 15 7.116389
sim 10 15 7.116389
sim 11 15 7.116389
sim 3 17 8.514693
sim 4 17 8.514693
sim 5 17 8.514693
sim 6 17 8.062258
sim 8 17 8.768181
sim 9 17 8.514693
sim 10 17 8.514693
sim 11 17 8.514693
sim 13 17 6.962830
sim 3 16 6.755960
sim 3 16 6.755960
sim 5 16 6.755960
sim 4 16 6.755960
sim 4 16 6.755960
sim 5 16 6.755960
sim 6 16 5.678292
sim 6 16 5.678292
sim 8 16 7.584457
sim 9 16 6.755960
sim 9 16 6.755960
sim 10 16 6.755960
sim 10 16 6.755960
sim 11 16 6.755960
sim 11 16 6.755960
sim 13 16 6.642589
sim 13 16 6.642589
sim 12 16 6.755960
sim 12 16 6.755960
sim 3 17 8.514693
sim 5 17 8.514693
sim 4 17 8.514693
sim 6 17 8.062258
sim 9 17 8.514693
sim 8 17 8.768181
sim 10 17 8.514693
sim 11 17 8.514693
sim 5 16 6.755960
sim 4 16 6.755960
sim 6 16 5.678292
sim 9 16 6.755960
sim 8 16 7.584457
sim 10 16 6.755960
sim 11 16 6.755960
sim 13 16 6.642589
sim 12 16 6.755960
sim 1 18 4.570120
sim 2 18 4.570120
sim 7 18 6.608101
sim 1 18 4.570120
sim 1 18 4.570120
sim 2 18 4.570120
sim 7 18 6.608101
sim 2 18 4.570120
sim 7 18 6.608101
sim 3 20 8.625834
sim 4 20 11.014081
sim 3 20 8.625834
sim 5 20 11.014081
sim 5 20 11.014081
sim 6 20 11.014081
sim 8 20 10.002399
sim 4 20 11.014081
sim 9 20 11.014081
sim 6 20 11.014081
sim 10 20 11.014081
sim 9 20 11.014081
sim 11 20 11.014081
sim 8 20 10.002399
sim 13 20 13.627728
sim 12 20 11.014081
sim 3 20 8.625834
sim 5 20 11.014081
sim 3 19 0.000000
sim 5 19 0.000000
sim 4 19 0.000000
sim 6 19 3.231563
sim 9 19 0.000000
sim 10 19 0.000000
sim 11 19 0.000000
sim 13 19 11.882802
sim 12 19 0.000000
sim 14 19 12.028382
sim 3 20 8.625834
sim 5 20 11.014081
sim 4 20 11.014081
sim 6 20 11.014081
sim 9 20 11.014081
sim 10 20 11.014081
sim 11 20 11.014081
sim 13 20 13.627728
sim 12 20 11.014081
sim 14 20 13.627728
sim 15 20 13.466031
sim 4 20 11.014081
sim 6 20 11.014081
sim 9 20 11.014081
sim 8 20 10.002399
sim 10 20 11.014081
sim 11 20 11.014081
sim 1 21 4.570120
sim 2 21 4.570120
sim 7 21 6.976173
sim 18 21 0.000000
sim 1 21 4.570120
sim 2 21 4.570120
sim 7 21 6.976173
sim 18 21 0.000000
sim 1 21 4.570120
sim 2 21 4.570120
sim 7 21 6.976173
sim 18 21 0.000000
sim 3 22 5.363021
sim 5 22 5.363021
sim 4 22 5.363021
sim 6 22 3.076036
sim 9 22 5.363021
sim 10 22 5.363021
sim 11 22 5.363021
sim 13 22 4.226346
sim 12 22 5.363021
sim 14 22 3.919439
sim 15 22 4.108649
sim 16 22 5.124646
sim 3 22 5.363021
sim 5 22 5.363021
sim 4 22 5.363021
sim 6 22 3.076036
sim 9 22 5.363021
sim 8 22 6.176002
sim 10 22 5.363021
sim 11 22 5.363021
sim 3 22 5.363021
sim 5 22 5.363021
sim 4 22 5.363021
sim 6 22 3.076036
sim 9 22 5.363021
sim 8 22 6.176002
sim 3 22 5.363021
sim 4 22 5.363021
sim 5 22 5.363021
sim 6 22 3.076036
sim 8 22 6.176002
sim 9 22 5.363021
sim 10 22 5.363021
sim 11 22 5.363021
sim 13 22 4.226346
sim 12 22 5.363021
sim 1 23 4.570120
sim 1 23 4.570120
sim 1 23 4.570120
sim 2 23 4.570120
sim 2 23 4.570120
sim 7 23 8.515281
sim 2 23 4.570120
sim 18 23 0.000000
sim 7 23 8.515281
sim 21 23 0.000000
sim 18 23 0.000000
sim 21 23 0.000000
sim 1 23 4.570120
sim 2 23 4.570120
sim 7 23 8.515281
sim 18 23 0.000000
sim 21 23 0.000000
sim 5 22 5.363021
sim 4 22 5.363021
sim 6 22 3.076036
sim 9 22 5.363021
sim 8 22 6.176002
sim 10 22 5.363021
sim 11 22 5.363021
sim 13 22 4.226346
sim 12 22 5.363021
sim 14 22 3.919439
sim 3 24 1.581139
sim 5 24 4.052653
sim 4 24 4.052653
sim 6 24 4.461502
sim 9 24 4.052653
sim 10 24 4.052653
sim 11 24 4.052653
sim 13 24 11.738866
sim 12 24 4.052653
sim 14 24 11.589649
sim 15 24 10.976200
sim 16 24 10.009795
sim 1 27 9.421888
sim 3 26 0.000000
sim 3 26 0.000000
sim 3 26 0.000000
sim 5 27 2.236068
sim 4 27 2.236068
sim 6 27 2.236068
sim 9 27 2.236068
sim 8 27 4.108649
sim 10 27 2.236068
sim 11 27 2.236068
sim 13 27 6.457941
sim 12 27 2.236068
sim 14 27 6.381536
sim 15 27 5.817474
sim 5 26 0.000000
sim 4 26 0.000000
sim 4 26 0.000000
sim 5 26 0.000000
sim 6 26 2.638560
sim 6 26 2.638560
sim 9 26 0.000000
sim 8 26 3.597638
sim 8 26 3.597638
sim 9 26 0.000000
sim 10 26 0.000000
sim 10 26 0.000000
sim 11 26 0.000000
sim 11 26 0.000000
sim 13 26 12.274485
sim 13 26 12.274485
sim 12 26 0.000000
sim 12 26 0.000000
sim 14 26 11.841452
sim 15 26 11.305529
sim 17 26 18.496752
sim 5 26 0.000000
sim 4 26 0.000000
sim 6 26 2.638560
sim 9 26 0.000000
sim 8 26 3.597638
sim 10 26 0.000000
sim 11 26 0.000000
sim 5 26 0.000000
sim 4 26 0.000000
sim 6 26 2.638560
sim 9 26 0.000000
sim 8 26 3.597638
sim 2 27 13.057068
sim 23 27 17.495226
sim 3 25 0.000000
sim 3 25 0.000000
sim 5 25 0.000000
sim 5 25 0.000000
sim 4 25 0.000000
sim 4 25 0.000000
sim 6 25 1.865744
sim 9 25 0.000000
sim 8 25 3.446882
sim 10 25 0.000000
sim 6 25 1.865744
sim 9 25 0.000000
sim 8 25 3.446882
sim 10 25 0.000000
sim 11 25 0.000000
sim 13 25 8.651473
sim 3 25 0.000000
sim 5 25 0.000000
sim 4 25 0.000000
sim 6 25 1.865744
sim 9 25 0.000000
sim 10 25 0.000000
sim 11 25 0.000000
sim 13 25 8.651473
sim 12 25 0.000000
sim 14 25 8.151565
sim 15 25 8.394463
sim 16 25 7.935174
sim 3 25 0.000000
sim 3 28 1.581139
sim 5 25 0.000000
sim 4 25 0.000000
sim 6 25 1.865744
sim 9 25 0.000000
sim 8 25 3.446882
sim 10 25 0.000000
sim 11 25 0.000000
sim 13 25 8.651473
sim 12 25 0.000000
sim 14 25 8.151565
sim 15 25 8.394463
sim 17 25 8.388206
sim 16 25 7.935174
sim 4 25 0.000000
sim 5 25 0.000000
sim 6 25 1.865744
sim 8 25 3.446882
sim 9 25 0.000000
sim 10 25 0.000000
sim 11 25 0.000000
sim 13 25 8.651473
sim 12 25 0.000000
sim 14 25 8.151565
sim 3 28 1.581139
sim 4 28 1.581139
sim 5 28 1.581139
sim 6 28 0.000000
sim 8 28 3.792229
sim 9 28 1.581139
sim 10 28 1.581139
sim 5 28 1.581139
sim 11 28 1.581139
sim 4 28 1.581139
sim 13 28 6.568333
sim 6 28 0.000000
sim 12 28 1.581139
sim 9 28 1.581139
sim 8 28 3.792229
sim 14 28 6.568333
sim 10 28 1.581139
sim 15 28 6.225913
sim 11 28 1.581139
sim 3 28 1.581139
sim 5 28 1.581139
sim 4 28 1.581139
sim 6 28 0.000000
sim 9 28 1.581139
sim 8 28 3.792229
sim 10 28 1.581139
sim 11 28 1.581139
sim 13 28 6.568333
sim 12 28 1.581139
sim 3 28 1.581139
sim 5 28 1.581139
sim 4 28 1.581139
sim 6 28 0.000000
sim 9 28 1.581139
sim 10 28 1.581139
sim 11 28 1.581139
sim 13 28 6.568333
sim 12 28 1.581139
sim 14 28 6.568333
sim 15 28 6.225913
sim 16 28 5.810508
sim 19 28 3.446882
sim 5 28 1.581139
sim 4 28 1.581139
sim 6 28 0.000000
sim 9 28 1.581139
sim 8 28 3.792229
sim 10 28 1.581139
sim 11 28 1.581139
sim 13 28 6.568333
sim 12 28 1.581139
sim 14 28 6.568333
sim 15 28 6.225913
sim 17 28 8.366600
sim 16 28 5.810508
sim 22 28 4.108649
