hash code size is 5
sim 1 2 7187.607910
bucket 2 11111 1 2 7 20 21 23 18
bucket 2 0 3 5 4 12 6 13 10 8 9 15 11 16 14 22 17 27 19 28 25 26
bucket 2 11110 24
bucket 3 11111 1 2 3 5 4 12 6 13 10 8 9 11 14 16 15 20 21 23 22 24 18 27 19 28 25 26
bucket 3 0 7 17
bucket 4 0 1 2 7 21 23 18 17
bucket 4 11111 3 5 4 12 6 13 10 9 14 16 11 15 20 22 24 19 28 25 26
bucket 4 11001 8
bucket 4 10111 27
bucket 5 0 1 2 7 21 23 24 18 27
bucket 5 11111 3 5 4 12 6 13 10 8 9 14 16 11 15 20 22 17 19 28 25 26
bucket 1 0 1 2 5 4 12 6 13 10 8 9 11 14 16 15 22 17 27 19 28 25 26
bucket 1 1000 3
bucket 1 11111 7 20 21 23 18
bucket 1 11 24
sim 1 2 7187.607910
sim 1 2 7187.607910
sim 1 2 7187.607910
sim 1 2 7187.607910
sim 1 3 301.148041
sim 2 3 333.593994
sim 1 5 303.704590
sim 2 5 336.150482
sim 1 4 303.704590
sim 2 4 336.150482
sim 5 4 286381.281250
sim 1 5 303.704590
sim 2 5 336.150482
sim 3 5 227803.671875
sim 1 4 303.704590
sim 2 4 336.150482
sim 3 4 227803.671875
sim 5 4 286381.281250
sim 3 12 227803.671875
sim 3 12 227803.671875
sim 1 12 303.704590
sim 2 12 336.150482
sim 3 12 227803.671875
sim 3 12 227803.671875
sim 5 12 286381.281250
sim 4 12 286381.281250
sim 1 12 303.704590
sim 2 12 336.150482
sim 5 12 286381.281250
sim 4 12 286381.281250
sim 3 6 153027.718750
sim 5 6 153041.156250
sim 3 6 153027.718750
sim 5 6 153041.156250
sim 3 6 153027.718750
sim 5 6 153041.156250
sim 1 6 302.694580
sim 2 6 335.130371
sim 3 6 153027.718750
sim 5 6 153041.156250
sim 4 6 153041.156250
sim 12 6 153041.156250
sim 1 6 302.694580
sim 2 6 335.130371
sim 5 6 153041.156250
sim 4 6 153041.156250
sim 12 6 153041.156250
sim 3 13 1772.059082
sim 5 13 1785.496460
sim 4 13 1785.496460
sim 3 13 1772.059082
sim 5 13 1785.496460
sim 4 13 1785.496460
sim 3 13 1772.059082
sim 5 13 1785.496460
sim 4 13 1785.496460
sim 1 13 189.631012
sim 2 13 224.791031
sim 3 13 1772.059082
sim 5 13 1785.496460
sim 4 13 1785.496460
sim 12 13 1785.496460
sim 6 13 1787.349609
sim 3 10 227803.671875
sim 3 10 227803.671875
sim 5 10 286381.281250
sim 4 10 286381.281250
sim 12 10 286381.281250
sim 5 10 286381.281250
sim 4 10 286381.281250
sim 12 10 286381.281250
sim 3 10 227803.671875
sim 5 10 286381.281250
sim 1 10 303.704590
sim 4 10 286381.281250
sim 2 10 336.150482
sim 12 10 286381.281250
sim 3 10 227803.671875
sim 5 10 286381.281250
sim 4 10 286381.281250
sim 12 10 286381.281250
sim 6 10 153041.156250
sim 13 10 1785.496460
sim 1 7 7087.670410
sim 2 7 6826.904297
sim 1 7 7087.670410
sim 2 7 6826.904297
sim 1 7 7087.670410
sim 2 7 6826.904297
sim 1 13 189.631012
sim 2 13 224.791031
sim 5 13 1785.496460
sim 4 13 1785.496460
sim 12 13 1785.496460
sim 6 13 1787.349609
sim 1 10 303.704590
sim 2 10 336.150482
sim 5 10 286381.281250
sim 4 10 286381.281250
sim 12 10 286381.281250
sim 6 10 153041.156250
sim 13 10 1785.496460
sim 3 8 1963.627197
sim 5 8 1969.011475
sim 4 8 1969.011475
sim 12 8 1969.011475
sim 3 8 1963.627197
sim 5 8 1969.011475
sim 4 8 1969.011475
sim 12 8 1969.011475
sim 1 8 301.805023
sim 2 8 334.522552
sim 3 8 1963.627197
sim 5 8 1969.011475
sim 4 8 1969.011475
sim 12 8 1969.011475
sim 6 8 1970.912109
sim 13 8 1544.234131
sim 10 8 1969.011475
sim 3 9 227803.671875
sim 5 9 286381.281250
sim 4 9 286381.281250
sim 12 9 286381.281250
sim 3 9 227803.671875
sim 5 9 286381.281250
sim 4 9 286381.281250
sim 12 9 286381.281250
sim 6 9 153041.156250
sim 3 14 1719.559814
sim 5 14 1732.997681
sim 4 14 1732.997681
sim 12 14 1732.997681
sim 6 14 1734.850830
sim 3 14 1719.559814
sim 5 14 1732.997681
sim 4 14 1732.997681
sim 12 14 1732.997681
sim 6 14 1734.850830
sim 13 14 1641.973022
sim 3 16 1808.459351
sim 5 16 1821.896729
sim 4 16 1821.896729
sim 12 16 1821.896729
sim 6 16 1823.749878
sim 13 16 1641.074707
sim 3 16 1808.459351
sim 5 16 1821.896729
sim 4 16 1821.896729
sim 12 16 1821.896729
sim 6 16 1823.749878
sim 13 16 1641.074707
sim 10 16 1821.896729
sim 3 11 227803.671875
sim 5 11 286381.281250
sim 1 8 301.805023
sim 2 8 334.522552
sim 5 8 1969.011475
sim 4 8 1969.011475
sim 12 8 1969.011475
sim 6 8 1970.912109
sim 13 8 1544.234131
sim 10 8 1969.011475
sim 1 9 303.704590
sim 2 9 336.150482
sim 5 9 286381.281250
sim 4 9 286381.281250
sim 12 9 286381.281250
sim 6 9 153041.156250
sim 13 9 1785.496460
sim 10 9 286381.281250
sim 8 9 1969.011475
sim 1 11 303.704590
sim 2 11 336.150482
sim 5 11 286381.281250
sim 4 11 286381.281250
sim 12 11 286381.281250
sim 6 11 153041.156250
sim 13 11 1785.496460
sim 10 11 286381.281250
sim 8 11 1969.011475
sim 9 11 286381.281250
sim 1 14 154.733704
sim 2 14 189.903748
sim 5 14 1732.997681
sim 4 14 1732.997681
sim 12 14 1732.997681
sim 6 14 1734.850830
sim 13 14 1641.973022
sim 10 14 1732.997681
sim 8 14 1282.580688
sim 9 14 1732.997681
sim 11 14 1732.997681
sim 1 16 200.687897
sim 2 16 233.837921
sim 5 16 1821.896729
sim 4 16 1821.896729
sim 12 16 1821.896729
sim 6 16 1823.749878
sim 13 16 1641.074707
sim 10 16 1821.896729
sim 8 16 1347.617432
sim 9 16 1821.896729
sim 11 16 1821.896729
sim 14 16 1869.177368
sim 1 15 189.600922
sim 2 15 224.760941
sim 5 15 1778.876343
sim 4 15 1778.876343
sim 12 15 1778.876343
sim 6 15 1780.729614
sim 13 15 3014.298096
sim 10 15 1778.876343
sim 8 15 1505.889404
sim 9 15 1778.876343
sim 11 15 1778.876343
sim 14 15 1672.710205
sim 16 15 1673.176147
sim 4 11 286381.281250
sim 12 11 286381.281250
sim 6 11 153041.156250
sim 13 11 1785.496460
sim 10 11 286381.281250
sim 3 11 227803.671875
sim 5 11 286381.281250
sim 4 11 286381.281250
sim 12 11 286381.281250
sim 6 11 153041.156250
sim 13 11 1785.496460
sim 10 11 286381.281250
sim 8 11 1969.011475
sim 3 15 1765.438599
sim 5 15 1778.876343
sim 4 15 1778.876343
sim 12 15 1778.876343
sim 6 15 1780.729614
sim 13 15 3014.298096
sim 10 15 1778.876343
sim 9 15 1778.876343
sim 3 15 1765.438599
sim 5 15 1778.876343
sim 4 15 1778.876343
sim 12 15 1778.876343
sim 6 15 1780.729614
sim 13 15 3014.298096
sim 10 15 1778.876343
sim 8 15 1505.889404
sim 9 15 1778.876343
sim 3 9 227803.671875
sim 5 9 286381.281250
sim 4 9 286381.281250
sim 12 9 286381.281250
sim 6 9 153041.156250
sim 1 9 303.704590
sim 2 9 336.150482
sim 3 9 227803.671875
sim 5 9 286381.281250
sim 4 9 286381.281250
sim 12 9 286381.281250
sim 6 9 153041.156250
sim 13 9 1785.496460
sim 10 9 286381.281250
sim 8 9 1969.011475
sim 3 15 1765.438599
sim 5 15 1778.876343
sim 4 15 1778.876343
sim 12 15 1778.876343
sim 6 15 1780.729614
sim 13 15 3014.298096
sim 3 11 227803.671875
sim 5 11 286381.281250
sim 4 11 286381.281250
sim 12 11 286381.281250
sim 6 11 153041.156250
sim 13 11 1785.496460
sim 10 11 286381.281250
sim 3 16 1808.459351
sim 5 16 1821.896729
sim 4 16 1821.896729
sim 12 16 1821.896729
sim 6 16 1823.749878
sim 1 11 303.704590
sim 13 16 1641.074707
sim 10 16 1821.896729
sim 8 16 1347.617432
sim 3 14 1719.559814
sim 5 14 1732.997681
sim 4 14 1732.997681
sim 12 14 1732.997681
sim 6 14 1734.850830
sim 13 14 1641.973022
sim 10 14 1732.997681
sim 8 14 1282.580688
sim 9 14 1732.997681
sim 2 11 336.150482
sim 3 11 227803.671875
sim 5 11 286381.281250
sim 4 11 286381.281250
sim 12 11 286381.281250
sim 6 11 153041.156250
sim 13 11 1785.496460
sim 10 11 286381.281250
sim 8 11 1969.011475
sim 9 11 286381.281250
sim 1 14 154.733704
sim 2 14 189.903748
sim 3 14 1719.559814
sim 5 14 1732.997681
sim 4 14 1732.997681
sim 12 14 1732.997681
sim 6 14 1734.850830
sim 13 14 1641.973022
sim 10 14 1732.997681
sim 8 14 1282.580688
sim 9 14 1732.997681
sim 11 14 1732.997681
sim 1 16 200.687897
sim 2 16 233.837921
sim 3 16 1808.459351
sim 5 16 1821.896729
sim 4 16 1821.896729
sim 12 16 1821.896729
sim 6 16 1823.749878
sim 13 16 1641.074707
sim 10 16 1821.896729
sim 8 16 1347.617432
sim 9 16 1821.896729
sim 11 16 1821.896729
sim 14 16 1869.177368
sim 1 15 189.600922
sim 2 15 224.760941
sim 3 15 1765.438599
sim 5 15 1778.876343
sim 4 15 1778.876343
sim 12 15 1778.876343
sim 6 15 1780.729614
sim 13 15 3014.298096
sim 10 15 1778.876343
sim 8 15 1505.889404
sim 9 15 1778.876343
sim 11 15 1778.876343
sim 14 15 1672.710205
sim 16 15 1673.176147
sim 1 20 317.662415
sim 2 20 348.498901
sim 7 20 70.069611
sim 3 20 4032.677979
sim 5 20 4031.677979
sim 4 20 4031.677979
sim 12 20 4031.677979
sim 6 20 4027.049072
sim 13 20 1300.926880
sim 1 20 317.662415
sim 10 20 4031.677979
sim 2 20 348.498901
sim 9 20 4031.677979
sim 3 20 4032.677979
sim 14 20 1248.030029
sim 5 20 4031.677979
sim 4 20 4031.677979
sim 12 20 4031.677979
sim 6 20 4027.049072
sim 13 20 1300.926880
sim 10 20 4031.677979
sim 8 20 1498.793457
sim 9 20 4031.677979
sim 11 20 4031.677979
sim 14 20 1248.030029
sim 16 20 1296.781006
sim 15 20 1293.243652
sim 3 20 4032.677979
sim 5 20 4031.677979
sim 4 20 4031.677979
sim 12 20 4031.677979
sim 6 20 4027.049072
sim 13 20 1300.926880
sim 10 20 4031.677979
sim 8 20 1498.793457
sim 9 20 4031.677979
sim 14 20 1248.030029
sim 1 21 7309.410156
sim 1 21 7309.410156
sim 2 21 7062.471191
sim 2 21 7062.471191
sim 7 21 30197.025391
sim 7 21 30197.025391
sim 20 21 778.743896
sim 1 21 7309.410156
sim 2 21 7062.471191
sim 1 21 7309.410156
sim 7 21 30197.025391
sim 2 21 7062.471191
sim 3 21 412.334290
sim 5 21 411.334290
sim 4 21 411.334290
sim 12 21 411.334290
sim 6 21 406.271576
sim 13 21 158.322861
sim 10 21 411.334290
sim 8 21 304.049377
sim 9 21 411.334290
sim 1 23 7229.540039
sim 2 23 6997.829102
sim 7 23 21952.900391
sim 21 23 22735.462891
sim 1 23 7229.540039
sim 2 23 6997.829102
sim 7 23 21952.900391
sim 21 23 22735.462891
sim 1 23 7229.540039
sim 11 21 411.334290
sim 14 21 113.854668
sim 3 22 74739.101562
sim 3 22 74739.101562
sim 5 22 74752.539062
sim 4 22 74752.539062
sim 12 22 74752.539062
sim 16 21 166.683151
sim 6 22 74754.390625
sim 13 22 1966.011230
sim 2 23 6997.829102
sim 10 22 74752.539062
sim 15 21 158.292770
sim 5 22 74752.539062
sim 7 23 21952.900391
sim 20 21 778.743896
sim 20 23 819.344727
sim 1 23 7229.540039
sim 2 23 6997.829102
sim 3 23 604.054260
sim 21 23 22735.462891
sim 5 23 603.054260
sim 3 22 74739.101562
sim 5 22 74752.539062
sim 4 22 74752.539062
sim 4 23 603.054260
sim 8 22 1763.620850
sim 4 22 74752.539062
sim 12 22 74752.539062
sim 6 22 74754.390625
sim 9 22 74752.539062
sim 13 22 1966.011230
sim 1 24 1459.722900
sim 2 24 1460.693237
sim 7 24 1240.440063
sim 21 24 1643.704468
sim 10 22 74752.539062
sim 12 22 74752.539062
sim 23 24 1835.424683
sim 12 23 603.054260
sim 9 22 74752.539062
sim 6 22 74754.390625
sim 6 23 596.093323
sim 1 18 7315.003906
sim 3 24 1451.923218
sim 13 23 252.913849
sim 5 24 1453.425171
sim 13 22 1966.011230
sim 10 23 603.054260
sim 10 22 74752.539062
sim 1 18 7315.003906
sim 2 18 7051.904785
sim 7 18 37595.253906
sim 8 23 436.720520
sim 20 18 666.326965
sim 21 18 30793.283203
sim 2 18 7051.904785
sim 4 24 1453.425171
sim 7 18 37595.253906
sim 21 18 30793.283203
sim 12 24 1453.425171
sim 6 24 1411.825317
sim 23 18 22549.158203
sim 23 18 22549.158203
sim 9 23 603.054260
sim 24 18 1543.174316
sim 13 24 512.168640
sim 3 17 7556.109863
sim 3 17 7556.109863
sim 5 17 7569.546875
sim 5 17 7569.546875
sim 4 17 7569.546875
sim 12 17 7569.546875
sim 6 17 7571.400391
sim 10 24 1453.425171
sim 11 23 603.054260
sim 4 17 7569.546875
sim 9 24 1453.425171
sim 13 17 1289.738403
sim 14 23 192.151398
sim 12 17 7569.546875
sim 16 23 256.683228
sim 6 17 7571.400391
sim 15 23 252.883759
sim 20 23 819.344727
sim 13 17 1289.738403
sim 21 23 22735.462891
sim 1 22 179.714737
sim 2 22 214.874756
sim 10 17 7569.546875
sim 3 22 74739.101562
sim 14 24 506.891998
sim 10 17 7569.546875
sim 1 18 7315.003906
sim 2 18 7051.904785
sim 7 18 37595.253906
sim 8 17 1112.061523
sim 21 18 30793.283203
sim 23 18 22549.158203
sim 1 17 210.339310
sim 2 17 180.638092
sim 5 22 74752.539062
sim 7 17 716.111023
sim 4 22 74752.539062
sim 21 17 196.821808
sim 12 22 74752.539062
sim 6 22 74754.390625
sim 23 17 147.281235
sim 18 17 241.279175
sim 13 22 1966.011230
sim 10 22 74752.539062
sim 8 22 1763.620850
sim 9 22 74752.539062
sim 11 22 74752.539062
sim 14 22 1930.840820
sim 16 22 1937.292603
sim 15 22 1959.094482
sim 20 22 3790.271973
sim 21 22 147.311813
sim 23 22 240.038986
sim 1 24 1459.722900
sim 2 24 1460.693237
sim 3 24 1451.923218
sim 5 24 1453.425171
sim 4 24 1453.425171
sim 12 24 1453.425171
sim 6 24 1411.825317
sim 13 24 512.168640
sim 10 24 1453.425171
sim 8 24 660.932434
sim 9 24 1453.425171
sim 11 24 1453.425171
sim 14 24 506.891998
sim 16 24 603.565125
sim 15 24 523.081848
sim 20 24 613.840759
sim 21 24 1643.704468
sim 23 24 1835.424683
sim 22 24 675.658875
sim 1 18 7315.003906
sim 2 18 7051.904785
sim 3 18 311.804108
sim 5 18 310.804108
sim 4 18 310.804108
sim 12 18 310.804108
sim 6 18 306.736755
sim 13 18 108.723175
sim 10 18 310.804108
sim 8 18 234.481979
sim 9 18 310.804108
sim 11 18 310.804108
sim 14 18 72.798988
sim 16 18 119.490730
sim 15 18 108.693069
sim 20 18 666.326965
sim 21 18 30793.283203
sim 23 18 22549.158203
sim 22 18 98.689415
sim 24 18 1543.174316
sim 1 22 179.714737
sim 2 22 214.874756
sim 5 22 74752.539062
sim 4 22 74752.539062
sim 12 22 74752.539062
sim 6 22 74754.390625
sim 13 22 1966.011230
sim 10 22 74752.539062
sim 8 22 1763.620850
sim 9 22 74752.539062
sim 11 22 74752.539062
sim 14 22 1930.840820
sim 16 22 1937.292603
sim 15 22 1959.094482
sim 1 17 210.339310
sim 2 17 180.638092
sim 5 17 7569.546875
sim 4 17 7569.546875
sim 12 17 7569.546875
sim 6 17 7571.400391
sim 13 17 1289.738403
sim 10 17 7569.546875
sim 8 17 1112.061523
sim 9 17 7569.546875
sim 11 17 7569.546875
sim 14 17 1361.816284
sim 16 17 1226.257568
sim 15 17 1275.285034
sim 22 17 7767.390137
sim 1 27 480.445404
sim 2 27 471.530334
sim 7 27 247.687851
sim 21 27 440.712830
sim 23 27 470.236176
sim 24 27 552.968079
sim 18 27 405.418060
sim 1 27 480.445404
sim 2 27 471.530334
sim 5 27 700.605713
sim 4 27 700.605713
sim 12 27 700.605713
sim 6 27 702.458923
sim 13 27 634.402588
sim 10 27 700.605713
sim 8 27 671.804321
sim 9 27 700.605713
sim 11 27 700.605713
sim 14 27 599.931763
sim 16 27 645.646973
sim 15 27 631.483521
sim 22 27 632.080444
sim 17 27 414.637848
sim 3 27 687.168274
sim 5 27 700.605713
sim 4 27 700.605713
sim 12 27 700.605713
sim 6 27 702.458923
sim 13 27 634.402588
sim 10 27 700.605713
sim 8 27 671.804321
sim 1 27 480.445404
sim 2 27 471.530334
sim 3 27 687.168274
sim 5 27 700.605713
sim 4 27 700.605713
sim 12 27 700.605713
sim 6 27 702.458923
sim 13 27 634.402588
sim 10 27 700.605713
sim 8 27 671.804321
sim 9 27 700.605713
sim 11 27 700.605713
sim 14 27 599.931763
sim 16 27 645.646973
sim 15 27 631.483521
sim 20 27 615.865540
sim 21 27 440.712830
sim 23 27 470.236176
sim 22 27 632.080444
sim 24 27 552.968079
sim 18 27 405.418060
sim 1 19 307.477509
sim 2 19 340.864685
sim 5 19 17557.583984
sim 4 19 17557.583984
sim 12 19 17557.583984
sim 6 19 17559.437500
sim 13 19 1475.280640
sim 10 19 17557.583984
sim 8 19 1629.441772
sim 9 19 17557.583984
sim 11 19 17557.583984
sim 14 19 1450.434326
sim 16 19 1545.382568
sim 15 19 1477.992798
sim 22 19 9226.266602
sim 17 19 1318.247559
sim 27 19 710.130432
sim 3 19 17544.146484
sim 5 19 17557.583984
sim 4 19 17557.583984
sim 12 19 17557.583984
sim 6 19 17559.437500
sim 13 19 1475.280640
sim 10 19 17557.583984
sim 9 19 17557.583984
sim 3 19 17544.146484
sim 5 19 17557.583984
sim 4 19 17557.583984
sim 12 19 17557.583984
sim 6 19 17559.437500
sim 13 19 1475.280640
sim 10 19 17557.583984
sim 8 19 1629.441772
sim 3 19 17544.146484
sim 5 19 17557.583984
sim 4 19 17557.583984
sim 12 19 17557.583984
sim 6 19 17559.437500
sim 13 19 1475.280640
sim 10 19 17557.583984
sim 8 19 1629.441772
sim 9 19 17557.583984
sim 1 19 307.477509
sim 2 19 340.864685
sim 3 19 17544.146484
sim 5 19 17557.583984
sim 4 19 17557.583984
sim 12 19 17557.583984
sim 6 19 17559.437500
sim 13 19 1475.280640
sim 10 19 17557.583984
sim 8 19 1629.441772
sim 9 19 17557.583984
sim 11 19 17557.583984
sim 14 19 1450.434326
sim 16 19 1545.382568
sim 15 19 1477.992798
sim 20 19 3666.974609
sim 21 19 385.710083
sim 23 19 566.318848
sim 22 19 9226.266602
sim 24 19 1345.983765
sim 18 19 291.006073
sim 27 19 710.130432
sim 1 28 302.222778
sim 2 28 334.930298
sim 5 28 144170.843750
sim 3 28 144157.406250
sim 4 28 144170.843750
sim 5 28 144170.843750
sim 12 28 144170.843750
sim 4 28 144170.843750
sim 6 28 144172.703125
sim 12 28 144170.843750
sim 13 28 1798.864868
sim 6 28 144172.703125
sim 10 28 144170.843750
sim 13 28 1798.864868
sim 8 28 1966.343750
sim 10 28 144170.843750
sim 9 28 144170.843750
sim 8 28 1966.343750
sim 11 28 144170.843750
sim 14 28 1746.365845
sim 9 28 144170.843750
sim 16 28 1835.264771
sim 15 28 1792.244629
sim 15 28 1792.244629
sim 22 28 74765.906250
sim 17 28 7582.915039
sim 27 28 707.120422
sim 19 28 17399.230469
sim 1 28 302.222778
sim 2 28 334.930298
sim 3 28 144157.406250
sim 5 28 144170.843750
sim 4 28 144170.843750
sim 12 28 144170.843750
sim 6 28 144172.703125
sim 13 28 1798.864868
sim 10 28 144170.843750
sim 8 28 1966.343750
sim 9 28 144170.843750
sim 11 28 144170.843750
sim 14 28 1746.365845
sim 16 28 1835.264771
sim 15 28 1792.244629
sim 20 28 4000.221436
sim 21 28 376.930756
sim 23 28 555.751343
sim 22 28 74765.906250
sim 24 28 1328.415649
sim 18 28 283.164429
sim 27 28 707.120422
sim 19 28 17399.230469
sim 3 28 144157.406250
sim 5 28 144170.843750
sim 4 28 144170.843750
sim 12 28 144170.843750
sim 6 28 144172.703125
sim 13 28 1798.864868
sim 10 28 144170.843750
sim 9 28 144170.843750
sim 14 28 1746.365845
sim 3 28 144157.406250
sim 5 28 144170.843750
sim 4 28 144170.843750
sim 12 28 144170.843750
sim 6 28 144172.703125
sim 13 28 1798.864868
sim 10 28 144170.843750
sim 8 28 1966.343750
sim 9 28 144170.843750
sim 1 25 303.704590
sim 2 25 336.150482
sim 5 25 286381.281250
sim 4 25 286381.281250
sim 12 25 286381.281250
sim 6 25 153041.156250
sim 13 25 1785.496460
sim 10 25 286381.281250
sim 8 25 1969.011475
sim 9 25 286381.281250
sim 11 25 286381.281250
sim 14 25 1732.997681
sim 16 25 1821.896729
sim 15 25 1778.876343
sim 22 25 74752.539062
sim 17 25 7569.546875
sim 27 25 700.605713
sim 19 25 17557.583984
sim 28 25 144170.843750
sim 3 25 227803.671875
sim 5 25 286381.281250
sim 4 25 286381.281250
sim 12 25 286381.281250
sim 6 25 153041.156250
sim 13 25 1785.496460
sim 10 25 286381.281250
sim 8 25 1969.011475
sim 9 25 286381.281250
sim 15 25 1778.876343
sim 11 25 286381.281250
sim 1 25 303.704590
sim 2 25 336.150482
sim 3 25 227803.671875
sim 5 25 286381.281250
sim 4 25 286381.281250
sim 12 25 286381.281250
sim 6 25 153041.156250
sim 13 25 1785.496460
sim 10 25 286381.281250
sim 8 25 1969.011475
sim 9 25 286381.281250
sim 11 25 286381.281250
sim 14 25 1732.997681
sim 16 25 1821.896729
sim 15 25 1778.876343
sim 20 25 4031.677979
sim 21 25 411.334290
sim 23 25 603.054260
sim 22 25 74752.539062
sim 24 25 1453.425171
sim 18 25 310.804108
sim 27 25 700.605713
sim 19 25 17557.583984
sim 28 25 144170.843750
sim 3 25 227803.671875
sim 5 25 286381.281250
sim 4 25 286381.281250
sim 12 25 286381.281250
sim 6 25 153041.156250
sim 13 25 1785.496460
sim 10 25 286381.281250
sim 9 25 286381.281250
sim 14 25 1732.997681
sim 16 25 1821.896729
sim 3 25 227803.671875
sim 5 25 286381.281250
sim 4 25 286381.281250
sim 12 25 286381.281250
sim 6 25 153041.156250
sim 13 25 1785.496460
sim 10 25 286381.281250
sim 8 25 1969.011475
sim 9 25 286381.281250
sim 14 25 1732.997681
sim 3 26 164055.671875
sim 5 26 164064.515625
sim 4 26 164064.515625
sim 12 26 164064.515625
sim 6 26 153029.921875
sim 13 26 1774.263184
sim 10 26 164064.515625
sim 8 26 1966.455200
sim 9 26 164064.515625
sim 15 26 1767.642578
sim 11 26 164064.515625
sim 16 26 1810.663330
sim 1 26 305.704620
sim 2 26 338.150513
sim 3 26 164055.671875
sim 5 26 164064.515625
sim 4 26 164064.515625
sim 12 26 164064.515625
sim 6 26 153029.921875
sim 13 26 1774.263184
sim 10 26 164064.515625
sim 8 26 1966.455200
sim 9 26 164064.515625
sim 11 26 164064.515625
sim 14 26 1721.764038
sim 16 26 1810.663330
sim 15 26 1767.642578
sim 20 26 4033.677979
sim 21 26 413.334290
sim 23 26 605.054260
sim 22 26 74741.304688
sim 24 26 1455.425171
sim 18 26 312.804108
sim 27 26 689.372314
sim 19 26 17546.351562
sim 28 26 144159.609375
sim 25 26 164064.515625
sim 3 26 164055.671875
sim 5 26 164064.515625
sim 4 26 164064.515625
sim 12 26 164064.515625
sim 6 26 153029.921875
sim 13 26 1774.263184
sim 10 26 164064.515625
sim 9 26 164064.515625
sim 14 26 1721.764038
sim 16 26 1810.663330
sim 11 26 164064.515625
sim 3 26 164055.671875
sim 5 26 164064.515625
sim 4 26 164064.515625
sim 12 26 164064.515625
sim 6 26 153029.921875
sim 13 26 1774.263184
sim 10 26 164064.515625
sim 8 26 1966.455200
sim 9 26 164064.515625
sim 14 26 1721.764038
sim 16 26 1810.663330
sim 1 26 305.704620
sim 2 26 338.150513
sim 5 26 164064.515625
sim 4 26 164064.515625
sim 12 26 164064.515625
sim 6 26 153029.921875
sim 13 26 1774.263184
sim 10 26 164064.515625
sim 8 26 1966.455200
sim 9 26 164064.515625
sim 11 26 164064.515625
sim 14 26 1721.764038
sim 16 26 1810.663330
sim 15 26 1767.642578
sim 22 26 74741.304688
sim 17 26 7558.313965
sim 27 26 689.372314
sim 19 26 17546.351562
sim 28 26 144159.609375
sim 25 26 164064.515625
