hash code size is 5
sim 1 2 0.333333
sim 1 3 0.500000
sim 3 4 1.000000
sim 1 4 0.500000
sim 3 4 1.000000
sim 3 5 1.000000
sim 4 5 1.000000
sim 1 5 0.500000
sim 3 5 1.000000
sim 4 5 1.000000
sim 3 6 1.000000
sim 4 6 1.000000
sim 5 6 1.000000
sim 1 6 0.500000
sim 3 6 1.000000
sim 4 6 1.000000
sim 5 6 1.000000
sim 1 7 1.000000
sim 3 7 0.500000
sim 4 7 0.500000
sim 5 7 0.500000
sim 6 7 0.500000
sim 3 8 1.000000
sim 4 8 1.000000
sim 5 8 1.000000
sim 6 8 1.000000
sim 1 8 0.500000
sim 3 8 1.000000
sim 4 8 1.000000
sim 5 8 1.000000
sim 6 8 1.000000
sim 7 8 0.500000
sim 3 9 1.000000
sim 4 9 1.000000
sim 5 9 1.000000
sim 6 9 1.000000
sim 8 9 1.000000
sim 1 9 0.500000
bucket 1 0 1 3 4 5 6 7 8 9 10 11 12 13 14 15 16 17 18 19 20 21 22 23 24 25 26 27 28
bucket 3 2 3 4 5 6 8 9 10 11 12 13 14 15 16 17 18 19 22 23 24 25 26 27 28
sim 3 9 1.000000
sim 4 9 1.000000
sim 5 9 1.000000
sim 6 9 1.000000
sim 7 9 0.500000
sim 8 9 1.000000
sim 3 10 1.000000
sim 4 10 1.000000
sim 5 10 1.000000
sim 6 10 1.000000
sim 8 10 1.000000
sim 9 10 1.000000
sim 1 10 0.500000
sim 3 10 1.000000
sim 4 10 1.000000
sim 5 10 1.000000
sim 6 10 1.000000
sim 7 10 0.500000
sim 8 10 1.000000
sim 9 10 1.000000
sim 3 11 1.000000
sim 4 11 1.000000
sim 5 11 1.000000
sim 6 11 1.000000
sim 8 11 1.000000
sim 9 11 1.000000
sim 10 11 1.000000
sim 1 11 0.500000
sim 3 11 1.000000
sim 4 11 1.000000
sim 5 11 1.000000
sim 6 11 1.000000
sim 7 11 0.500000
sim 8 11 1.000000
sim 9 11 1.000000
sim 10 11 1.000000
sim 3 12 1.000000
sim 4 12 1.000000
sim 5 12 1.000000
sim 6 12 1.000000
sim 8 12 1.000000
sim 9 12 1.000000
sim 10 12 1.000000
sim 1 12 0.500000
sim 3 12 1.000000
sim 4 12 1.000000
sim 5 12 1.000000
sim 6 12 1.000000
sim 7 12 0.500000
sim 8 12 1.000000
sim 9 12 1.000000
sim 10 12 1.000000
bucket 4 1 1 2
sim 11 12 1.000000
sim 11 12 1.000000
sim 3 13 1.000000
sim 4 13 1.000000
sim 5 13 1.000000
sim 6 13 1.000000
sim 8 13 1.000000
sim 9 13 1.000000
sim 10 13 1.000000
sim 1 13 0.500000
sim 3 13 1.000000
sim 4 13 1.000000
sim 5 13 1.000000
sim 6 13 1.000000
sim 7 13 0.500000
sim 11 13 1.000000
sim 12 13 1.000000
sim 8 13 1.000000
sim 9 13 1.000000
sim 10 13 1.000000
sim 11 13 1.000000
sim 12 13 1.000000
sim 3 14 1.000000
sim 4 14 1.000000
sim 5 14 1.000000
sim 6 14 1.000000
sim 8 14 1.000000
sim 9 14 1.000000
sim 10 14 1.000000
sim 1 14 0.500000
sim 3 14 1.000000
sim 4 14 1.000000
sim 5 14 1.000000
sim 6 14 1.000000
sim 7 14 0.500000
sim 8 14 1.000000
sim 9 14 1.000000
sim 10 14 1.000000
sim 11 14 1.000000
sim 12 14 1.000000
sim 13 14 1.000000
sim 11 14 1.000000
sim 12 14 1.000000
sim 13 14 1.000000
sim 3 15 1.000000
sim 4 15 1.000000
sim 5 15 1.000000
sim 6 15 1.000000
sim 8 15 1.000000
sim 9 15 1.000000
sim 1 15 0.500000
sim 3 15 1.000000
sim 4 15 1.000000
sim 5 15 1.000000
sim 6 15 1.000000
sim 7 15 0.500000
sim 8 15 1.000000
sim 9 15 1.000000
sim 10 15 1.000000
sim 11 15 1.000000
sim 12 15 1.000000
sim 13 15 1.000000
sim 14 15 1.000000
sim 10 15 1.000000
sim 11 15 1.000000
sim 12 15 1.000000
sim 13 15 1.000000
sim 14 15 1.000000
sim 3 16 1.000000
sim 4 16 1.000000
sim 5 16 1.000000
sim 6 16 1.000000
sim 8 16 1.000000
sim 9 16 1.000000
sim 10 16 1.000000
sim 11 16 1.000000
sim 12 16 1.000000
sim 13 16 1.000000
sim 14 16 1.000000
sim 15 16 1.000000
sim 1 16 0.500000
sim 3 16 1.000000
sim 4 16 1.000000
sim 5 16 1.000000
sim 6 16 1.000000
sim 7 16 0.500000
sim 8 16 1.000000
sim 9 16 1.000000
sim 10 16 1.000000
sim 11 16 1.000000
sim 12 16 1.000000
sim 13 16 1.000000
sim 14 16 1.000000
sim 15 16 1.000000
sim 3 17 1.000000
sim 4 17 1.000000
sim 5 17 1.000000
sim 6 17 1.000000
sim 8 17 1.000000
sim 9 17 1.000000
sim 1 17 0.500000
sim 3 17 1.000000
sim 4 17 1.000000
sim 5 17 1.000000
sim 6 17 1.000000
sim 7 17 0.500000
sim 8 17 1.000000
sim 9 17 1.000000
sim 10 17 1.000000
sim 11 17 1.000000
sim 12 17 1.000000
sim 13 17 1.000000
sim 14 17 1.000000
sim 15 17 1.000000
sim 16 17 1.000000
sim 10 17 1.000000
sim 11 17 1.000000
sim 12 17 1.000000
sim 13 17 1.000000
sim 14 17 1.000000
sim 15 17 1.000000
sim 16 17 1.000000
sim 3 18 1.000000
sim 4 18 1.000000
sim 5 18 1.000000
sim 6 18 1.000000
sim 8 18 1.000000
sim 1 18 0.500000
sim 3 18 1.000000
sim 4 18 1.000000
sim 5 18 1.000000
sim 6 18 1.000000
sim 7 18 0.500000
sim 8 18 1.000000
sim 9 18 1.000000
sim 10 18 1.000000
sim 11 18 1.000000
sim 12 18 1.000000
sim 13 18 1.000000
sim 14 18 1.000000
sim 15 18 1.000000
sim 16 18 1.000000
sim 17 18 1.000000
sim 9 18 1.000000
sim 10 18 1.000000
sim 11 18 1.000000
sim 12 18 1.000000
sim 13 18 1.000000
sim 14 18 1.000000
sim 15 18 1.000000
sim 16 18 1.000000
sim 17 18 1.000000
sim 3 19 0.333333
sim 4 19 0.333333
sim 5 19 0.333333
sim 6 19 0.333333
sim 1 19 0.666667
sim 3 19 0.333333
sim 4 19 0.333333
sim 5 19 0.333333
sim 6 19 0.333333
sim 7 19 0.666667
sim 8 19 0.333333
sim 9 19 0.333333
sim 10 19 0.333333
sim 11 19 0.333333
sim 12 19 0.333333
sim 13 19 0.333333
sim 14 19 0.333333
sim 15 19 0.333333
sim 16 19 0.333333
sim 17 19 0.333333
sim 18 19 0.333333
sim 8 19 0.333333
sim 9 19 0.333333
sim 10 19 0.333333
sim 11 19 0.333333
sim 12 19 0.333333
sim 13 19 0.333333
sim 14 19 0.333333
sim 15 19 0.333333
sim 16 19 0.333333
sim 17 19 0.333333
sim 18 19 0.333333
sim 1 20 0.400000
sim 3 20 0.200000
sim 4 20 0.200000
sim 5 20 0.200000
sim 6 20 0.200000
sim 7 20 0.400000
sim 8 20 0.200000
sim 9 20 0.200000
sim 10 20 0.200000
sim 11 20 0.200000
sim 12 20 0.200000
sim 13 20 0.200000
sim 14 20 0.200000
sim 15 20 0.200000
sim 16 20 0.200000
sim 17 20 0.200000
sim 18 20 0.200000
sim 19 20 0.333333
sim 1 21 1.000000
sim 3 21 0.500000
sim 4 21 0.500000
sim 5 21 0.500000
sim 6 21 0.500000
sim 7 21 1.000000
sim 8 21 0.500000
sim 9 21 0.500000
sim 10 21 0.500000
sim 11 21 0.500000
sim 12 21 0.500000
sim 13 21 0.500000
sim 14 21 0.500000
sim 15 21 0.500000
sim 16 21 0.500000
sim 17 21 0.500000
sim 18 21 0.500000
sim 19 21 0.666667
sim 20 21 0.400000
sim 3 22 1.000000
sim 4 22 1.000000
sim 1 22 0.500000
sim 3 22 1.000000
sim 4 22 1.000000
sim 5 22 1.000000
sim 6 22 1.000000
sim 7 22 0.500000
sim 8 22 1.000000
sim 9 22 1.000000
sim 10 22 1.000000
sim 11 22 1.000000
sim 12 22 1.000000
sim 13 22 1.000000
sim 14 22 1.000000
sim 15 22 1.000000
sim 16 22 1.000000
sim 17 22 1.000000
sim 18 22 1.000000
sim 19 22 0.333333
sim 20 22 0.200000
sim 21 22 0.500000
sim 5 22 1.000000
sim 6 22 1.000000
sim 8 22 1.000000
sim 9 22 1.000000
sim 10 22 1.000000
sim 11 22 1.000000
sim 12 22 1.000000
sim 13 22 1.000000
sim 14 22 1.000000
sim 15 22 1.000000
sim 16 22 1.000000
sim 17 22 1.000000
sim 18 22 1.000000
sim 19 22 0.333333
sim 3 23 0.500000
sim 4 23 0.500000
sim 5 23 0.500000
sim 6 23 0.500000
sim 8 23 0.500000
sim 9 23 0.500000
sim 10 23 0.500000
sim 11 23 0.500000
sim 12 23 0.500000
sim 13 23 0.500000
sim 14 23 0.500000
sim 15 23 0.500000
sim 16 23 0.500000
sim 17 23 0.500000
sim 18 23 0.500000
sim 19 23 0.666667
sim 22 23 0.500000
sim 1 23 1.000000
sim 3 23 0.500000
sim 4 23 0.500000
sim 5 23 0.500000
sim 6 23 0.500000
sim 7 23 1.000000
sim 8 23 0.500000
sim 9 23 0.500000
sim 10 23 0.500000
sim 11 23 0.500000
sim 12 23 0.500000
sim 13 23 0.500000
sim 14 23 0.500000
sim 15 23 0.500000
sim 16 23 0.500000
sim 17 23 0.500000
sim 18 23 0.500000
sim 19 23 0.666667
sim 20 23 0.400000
sim 21 23 1.000000
sim 22 23 0.500000
sim 3 24 1.000000
sim 4 24 1.000000
sim 1 24 0.500000
sim 3 24 1.000000
sim 4 24 1.000000
sim 5 24 1.000000
sim 6 24 1.000000
sim 7 24 0.500000
sim 8 24 1.000000
sim 9 24 1.000000
sim 10 24 1.000000
sim 11 24 1.000000
sim 12 24 1.000000
sim 13 24 1.000000
sim 5 24 1.000000
sim 6 24 1.000000
sim 8 24 1.000000
sim 9 24 1.000000
sim 10 24 1.000000
sim 11 24 1.000000
sim 12 24 1.000000
sim 13 24 1.000000
sim 14 24 1.000000
sim 15 24 1.000000
sim 16 24 1.000000
sim 17 24 1.000000
sim 18 24 1.000000
sim 19 24 0.333333
sim 22 24 1.000000
sim 23 24 0.500000
sim 14 24 1.000000
sim 15 24 1.000000
sim 16 24 1.000000
sim 17 24 1.000000
sim 18 24 1.000000
sim 19 24 0.333333
sim 20 24 0.200000
sim 21 24 0.500000
sim 22 24 1.000000
sim 23 24 0.500000
sim 3 25 1.000000
sim 1 25 0.500000
sim 3 25 1.000000
sim 4 25 1.000000
sim 5 25 1.000000
sim 6 25 1.000000
sim 7 25 0.500000
sim 8 25 1.000000
sim 9 25 1.000000
sim 10 25 1.000000
sim 11 25 1.000000
sim 12 25 1.000000
sim 13 25 1.000000
sim 14 25 1.000000
sim 15 25 1.000000
sim 16 25 1.000000
sim 17 25 1.000000
sim 18 25 1.000000
sim 19 25 0.333333
sim 20 25 0.200000
sim 21 25 0.500000
sim 22 25 1.000000
sim 23 25 0.500000
sim 24 25 1.000000
sim 4 25 1.000000
sim 5 25 1.000000
sim 6 25 1.000000
sim 8 25 1.000000
sim 9 25 1.000000
sim 10 25 1.000000
sim 11 25 1.000000
sim 12 25 1.000000
sim 13 25 1.000000
sim 14 25 1.000000
sim 1 26 0.500000
sim 3 26 1.000000
sim 4 26 1.000000
sim 5 26 1.000000
sim 6 26 1.000000
sim 7 26 0.500000
sim 8 26 1.000000
sim 9 26 1.000000
sim 10 26 1.000000
sim 11 26 1.000000
sim 12 26 1.000000
sim 13 26 1.000000
sim 14 26 1.000000
sim 15 26 1.000000
sim 16 26 1.000000
sim 17 26 1.000000
sim 18 26 1.000000
sim 19 26 0.333333
sim 20 26 0.200000
sim 21 26 0.500000
sim 22 26 1.000000
sim 23 26 0.500000
sim 24 26 1.000000
sim 25 26 1.000000
sim 15 25 1.000000
sim 16 25 1.000000
sim 17 25 1.000000
sim 18 25 1.000000
sim 19 25 0.333333
sim 22 25 1.000000
sim 23 25 0.500000
sim 24 25 1.000000
sim 3 26 1.000000
sim 4 26 1.000000
sim 5 26 1.000000
sim 6 26 1.000000
sim 8 26 1.000000
sim 9 26 1.000000
sim 10 26 1.000000
sim 11 26 1.000000
sim 12 26 1.000000
sim 13 26 1.000000
sim 14 26 1.000000
sim 15 26 1.000000
sim 16 26 1.000000
sim 17 26 1.000000
sim 18 26 1.000000
sim 19 26 0.333333
sim 22 26 1.000000
sim 23 26 0.500000
sim 24 26 1.000000
sim 25 26 1.000000
sim 3 27 1.000000
sim 4 27 1.000000
sim 5 27 1.000000
sim 6 27 1.000000
sim 8 27 1.000000
sim 9 27 1.000000
sim 10 27 1.000000
sim 11 27 1.000000
sim 12 27 1.000000
sim 13 27 1.000000
sim 14 27 1.000000
sim 15 27 1.000000
sim 16 27 1.000000
sim 17 27 1.000000
sim 18 27 1.000000
sim 19 27 0.333333
sim 22 27 1.000000
sim 23 27 0.500000
sim 24 27 1.000000
sim 25 27 1.000000
sim 26 27 1.000000
sim 1 27 0.500000
sim 3 27 1.000000
sim 4 27 1.000000
sim 5 27 1.000000
sim 6 27 1.000000
sim 7 27 0.500000
sim 8 27 1.000000
sim 9 27 1.000000
sim 10 27 1.000000
sim 11 27 1.000000
sim 12 27 1.000000
sim 13 27 1.000000
sim 14 27 1.000000
sim 15 27 1.000000
sim 16 27 1.000000
sim 17 27 1.000000
sim 18 27 1.000000
sim 19 27 0.333333
sim 20 27 0.200000
sim 21 27 0.500000
sim 22 27 1.000000
sim 23 27 0.500000
sim 24 27 1.000000
sim 25 27 1.000000
sim 26 27 1.000000
sim 1 28 0.500000
sim 3 28 1.000000
sim 4 28 1.000000
sim 5 28 1.000000
sim 6 28 1.000000
sim 7 28 0.500000
sim 8 28 1.000000
sim 3 28 1.000000
sim 4 28 1.000000
sim 5 28 1.000000
sim 6 28 1.000000
sim 8 28 1.000000
sim 9 28 1.000000
sim 10 28 1.000000
sim 11 28 1.000000
sim 12 28 1.000000
sim 13 28 1.000000
sim 14 28 1.000000
sim 15 28 1.000000
sim 16 28 1.000000
sim 17 28 1.000000
sim 18 28 1.000000
sim 19 28 0.333333
sim 22 28 1.000000
sim 23 28 0.500000
sim 24 28 1.000000
sim 25 28 1.000000
sim 26 28 1.000000
sim 27 28 1.000000
sim 9 28 1.000000
sim 10 28 1.000000
sim 11 28 1.000000
sim 12 28 1.000000
sim 13 28 1.000000
sim 14 28 1.000000
sim 15 28 1.000000
sim 16 28 1.000000
sim 17 28 1.000000
sim 18 28 1.000000
sim 19 28 0.333333
sim 20 28 0.200000
sim 21 28 0.500000
sim 22 28 1.000000
sim 23 28 0.500000
sim 24 28 1.000000
sim 25 28 1.000000
sim 26 28 1.000000
sim 27 28 1.000000
